cam0:
  cam_overlaps:
  - 1
  camera_model: pinhole
  distortion_coeffs:
  - 0.025729565152869373
  - -0.08718595103393732
  - -0.0002827160558843299
  - -0.0002103286066677332
  distortion_model: radtan
  intrinsics:
  - 797.9731297031294
  - 798.5083590602464
  - 626.0117529909179
  - 374.98536321019617
  resolution:
  - 1280
  - 720
  rostopic: /oak/left/image_raw
cam1:
  T_cn_cnm1:
  - - 0.9999847942171745
    - -0.0032240964405636065
    - -0.004473984418674291
    - -0.07471274263115511
  - - 0.003252811704152707
    - 0.9999740631064239
    - 0.0064259108652711715
    - -0.0011308983243268707
  - - 0.004453150621068459
    - -0.0064403661831473535
    - 0.9999693450966256
    - 0.00033086539917339216
  - - 0.0
    - 0.0
    - 0.0
    - 1.0
  cam_overlaps:
  - 0
  camera_model: pinhole
  distortion_coeffs:
  - 0.046583100542390586
  - -0.1447042143265515
  - -0.0010283337445549032
  - -0.0007318127602786183
  distortion_model: radtan
  intrinsics:
  - 799.1353067210215
  - 799.2357830829126
  - 650.7476390534844
  - 373.9175273601545
  resolution:
  - 1280
  - 720
  rostopic: /oak/right/image_raw
